TSLA,2022-08-15 04:00:00 UTC,905.36,939.4,903.69,927.96,30279774,924.615457
TSLA,2022-08-16 04:00:00 UTC,935,944,908.65,919.69,29881799,925.016819
TSLA,2022-08-17 04:00:00 UTC,910.19,928.97,900.1,911.99,23300075,912.995158
TSLA,2022-08-18 04:00:00 UTC,918,919.5,905.56,908.61,16135100,912.631486
TSLA,2022-08-19 04:00:00 UTC,897,901.08,877.5,890,21085574,887.281513
TSLA,2022-08-22 04:00:00 UTC,875.74,877.2,858.89,869.74,19135811,867.339752
TSLA,2022-08-23 04:00:00 UTC,874.36,896.4799,863.77,889.36,21764092,884.620781
TSLA,2022-08-24 04:00:00 UTC,892.69,910.94,889.5,891.29,19556429,900.255401
TSLA,2022-08-25 04:00:00 UTC,302.36,302.96,291.6,296.07,54671112,295.260117
TSLA,2022-08-26 04:00:00 UTC,297.43,302,287.47,288.09,59257066,292.508688
TSLA,2022-08-29 04:00:00 UTC,282.83,287.74,280.7,284.82,43730113,284.465245
TSLA,2022-08-30 04:00:00 UTC,287.865,288.48,272.65,277.7,51825894,279.248793
TSLA,2022-08-31 04:00:00 UTC,280.62,281.25,271.81,275.61,56092315,276.330944
TSLA,2022-09-01 04:00:00 UTC,272.575,277.58,266.15,277.16,55804836,271.481185
TSLA,2022-09-02 04:00:00 UTC,281.065,282.35,269.08,270.21,52523745,274.323217
TSLA,2022-09-06 04:00:00 UTC,272.675,275.99,265.74,274.42,57451023,272.196879
TSLA,2022-09-07 04:00:00 UTC,273.1,283.84,272.27,283.7,52170102,280.093708
TSLA,2022-09-08 04:00:00 UTC,281.3,289.5,279.76,289.26,55399153,286.202628
TSLA,2022-09-09 04:00:00 UTC,291.67,299.85,291.245,299.68,56082207,297.419463
TSLA,2022-09-12 04:00:00 UTC,300.72,305.49,300.4,304.42,50396267,303.652347
TSLA,2022-09-13 04:00:00 UTC,292.9,297.3999,290.4,292.13,70982158,293.635054
TSLA,2022-09-14 04:00:00 UTC,292.24,306,291.64,302.61,74235471,300.684484
TSLA,2022-09-15 04:00:00 UTC,301.825,309.12,300.7247,303.75,66398343,304.908427
TSLA,2022-09-16 04:00:00 UTC,299.605,303.71,295.6005,303.35,112306933,301.288707
TSLA,2022-09-19 04:00:00 UTC,300.09,309.84,297.8,309.07,61634470,306.413596
TSLA,2022-09-20 04:00:00 UTC,306.91,313.33,305.58,308.73,62988711,309.324663
TSLA,2022-09-21 04:00:00 UTC,308.29,313.8,300.63,300.8,64435337,307.469093
TSLA,2022-09-22 04:00:00 UTC,299.86,301.29,285.82,288.59,72000682,291.367469
TSLA,2022-09-23 04:00:00 UTC,283.09,284.5,272.82,275.33,65490085,276.541874
TSLA,2022-09-26 04:00:00 UTC,271.83,284.09,270.31,276.01,59843049,278.249835
TSLA,2022-09-27 04:00:00 UTC,283.84,288.67,277.51,282.94,63622379,283.465199
TSLA,2022-09-28 04:00:00 UTC,283.08,289,277.57,287.81,57570596,283.889448
TSLA,2022-09-29 04:00:00 UTC,282.76,283.65,265.78,268.21,79669023,271.100311
TSLA,2022-09-30 04:00:00 UTC,266.145,275.57,262.47,265.25,70442182,268.886833
TSLA,2022-10-03 04:00:00 UTC,254.5,255.16,241.01,242.4,101048630,245.014052
TSLA,2022-10-04 04:00:00 UTC,250.52,257.5,242.01,249.44,112007508,249.665823
TSLA,2022-10-05 04:00:00 UTC,245.01,246.6697,233.27,240.81,88914813,238.478773
TSLA,2022-10-06 04:00:00 UTC,239.44,244.58,235.35,238.13,70719650,239.404162
TSLA,2022-10-07 04:00:00 UTC,233.935,234.5715,222.02,223.07,85634482,226.184648
TSLA,2022-10-10 04:00:00 UTC,223.93,226.99,218.3582,222.96,69326571,223.506947
TSLA,2022-10-11 04:00:00 UTC,220.945,225.75,215,216.5,78495707,220.69994
TSLA,2022-10-12 04:00:00 UTC,215.33,219.2999,211.51,217.24,68676010,215.597611
TSLA,2022-10-13 04:00:00 UTC,208.3,222.99,206.22,221.72,94549943,215.657576
TSLA,2022-10-14 04:00:00 UTC,224.01,226.26,204.16,204.99,96221753,211.449275
TSLA,2022-10-17 04:00:00 UTC,210.04,221.86,209.45,219.35,82997077,217.723871
TSLA,2022-10-18 04:00:00 UTC,229.5,229.82,217.25,220.19,77228084,221.409368
TSLA,2022-10-19 04:00:00 UTC,219.8,222.93,217.78,222.04,68150056,220.957198
TSLA,2022-10-20 04:00:00 UTC,208.28,215.55,202,207.28,120301645,208.585358
TSLA,2022-10-21 04:00:00 UTC,206.415,214.66,203.8,214.44,78476531,210.454782
TSLA,2022-10-24 04:00:00 UTC,205.82,213.5,198.5863,211.25,102608679,205.752442
TSLA,2022-10-25 04:00:00 UTC,210.1,224.3498,210,222.415,98376534,220.141257
TSLA,2022-10-26 04:00:00 UTC,219.4,230.6,218.2,224.64,86971998,226.610963
TSLA,2022-10-27 04:00:00 UTC,229.77,233.81,222.85,225.09,63313495,226.18492
TSLA,2022-10-28 04:00:00 UTC,225.4,228.86,216.35,228.52,70775381,224.258367
TSLA,2022-10-31 04:00:00 UTC,226.19,229.85,221.94,227.54,63582829,226.643099
TSLA,2022-11-01 04:00:00 UTC,234.05,237.3951,227.28,227.82,63918578,230.781235
TSLA,2022-11-02 04:00:00 UTC,226.04,227.8699,214.82,214.98,65195578,221.8648
TSLA,2022-11-03 04:00:00 UTC,211.36,221.2,210.14,215.31,58310152,216.39553
TSLA,2022-11-04 04:00:00 UTC,222.6,223.8,203.08,207.47,100715317,210.927108
TSLA,2022-11-07 05:00:00 UTC,208.65,208.9,196.66,197.08,95450979,199.990171
TSLA,2022-11-08 05:00:00 UTC,194.02,195.2,186.75,191.3,132172579,191.376341
TSLA,2022-11-09 05:00:00 UTC,190.775,195.89,177.12,177.59,129491823,184.406122
TSLA,2022-11-10 05:00:00 UTC,189.9,191,180.03,190.72,138031810,187.898992
TSLA,2022-11-11 05:00:00 UTC,186,196.52,182.59,195.97,116253329,191.534881
TSLA,2022-11-14 05:00:00 UTC,192.77,195.73,186.34,190.95,93827731,191.871236
TSLA,2022-11-15 05:00:00 UTC,195.88,200.8237,192.06,194.42,93223972,196.650535
TSLA,2022-11-16 05:00:00 UTC,191.51,192.57,185.66,186.92,68342071,188.235165
TSLA,2022-11-17 05:00:00 UTC,183.96,186.16,180.9,183.17,65848836,183.542771
TSLA,2022-11-18 05:00:00 UTC,185.05,185.19,176.55,180.19,77814167,179.151171
TSLA,2022-11-21 05:00:00 UTC,175.85,176.77,167.54,167.87,95460527,170.814688
TSLA,2022-11-22 05:00:00 UTC,168.63,170.92,166.185,169.91,80402272,168.909345
TSLA,2022-11-23 05:00:00 UTC,173.57,183.62,172.5,183.2,111649742,179.633732
TSLA,2022-11-25 05:00:00 UTC,185.06,185.2,180.63,182.86,51788297,182.76661
TSLA,2022-11-28 05:00:00 UTC,179.96,188.5,179,182.92,94797017,184.874416
TSLA,2022-11-29 05:00:00 UTC,184.99,186.38,178.75,180.83,84640855,182.416968
TSLA,2022-11-30 05:00:00 UTC,182.43,194.76,180.6301,194.7,117562401,187.836172
TSLA,2022-12-01 05:00:00 UTC,197.08,198.92,191.8,194.7,81924273,195.085566
TSLA,2022-12-02 05:00:00 UTC,191.78,196.25,191.11,194.86,74986051,193.511971
TSLA,2022-12-05 05:00:00 UTC,189.44,191.27,180.55,182.45,95180598,184.400981
TSLA,2022-12-06 05:00:00 UTC,181.215,183.65,175.33,179.82,93840008,178.541099
TSLA,2022-12-07 05:00:00 UTC,175.03,179.38,172.218,174.04,86103119,174.150473
TSLA,2022-12-08 05:00:00 UTC,172.2,175.2,169.06,173.44,99166137,172.31195
TSLA,2022-12-09 05:00:00 UTC,173.84,182.5,173.36,179.05,106899809,179.615813
TSLA,2022-12-12 05:00:00 UTC,176.1,177.37,167.52,167.82,112834677,170.356246
TSLA,2022-12-13 05:00:00 UTC,174.87,175.05,156.91,160.95,178493578,163.569333
TSLA,2022-12-14 05:00:00 UTC,159.25,161.62,155.31,156.8,142921860,158.121558
TSLA,2022-12-15 05:00:00 UTC,153.44,160.9299,153.28,157.67,125467436,157.709144
TSLA,2022-12-16 05:00:00 UTC,159.635,160.99,150.04,150.23,154808623,152.095107
TSLA,2022-12-19 05:00:00 UTC,154,155.25,145.82,149.87,142266303,150.34696
TSLA,2022-12-20 05:00:00 UTC,146.05,148.47,137.66,137.8,162188504,142.604176
TSLA,2022-12-21 05:00:00 UTC,139.335,141.26,135.89,137.57,147890851,138.675042
TSLA,2022-12-22 05:00:00 UTC,136,136.63,122.26,125.35,212939787,127.610905
TSLA,2022-12-23 05:00:00 UTC,126.37,128.6173,121.02,123.15,168947695,123.848809
TSLA,2022-12-27 05:00:00 UTC,117.495,119.67,108.76,109.1,212144442,113.378078
TSLA,2022-12-28 05:00:00 UTC,110.35,116.27,108.24,112.71,224197029,112.003318
TSLA,2022-12-29 05:00:00 UTC,120.385,123.57,117.495,121.82,226370514,120.626128
TSLA,2022-12-30 05:00:00 UTC,119.95,124.48,119.75,123.18,160265129,122.192046
TSLA,2023-01-03 05:00:00 UTC,118.47,118.8,104.64,108.1,235727017,109.133537
TSLA,2023-01-04 05:00:00 UTC,109.11,114.59,107.52,113.64,183641524,111.901725
TSLA,2023-01-05 05:00:00 UTC,110.51,111.75,107.1601,110.34,160906940,109.5523
TSLA,2023-01-06 05:00:00 UTC,103,114.39,101.81,113.06,224113076,109.418991
TSLA,2023-01-09 05:00:00 UTC,118.96,123.52,117.11,119.77,194213551,121.15591
TSLA,2023-01-10 05:00:00 UTC,121.07,122.76,114.92,118.85,169904675,117.800004
TSLA,2023-01-11 05:00:00 UTC,122.09,125.95,120.51,123.22,187333311,122.723406
TSLA,2023-01-12 05:00:00 UTC,122.56,124.1311,117,123.56,172269894,120.949191
TSLA,2023-01-13 05:00:00 UTC,116.55,122.63,115.6,122.4,183250365,119.649314
TSLA,2023-01-17 05:00:00 UTC,125.695,131.7,125.02,131.49,190097742,129.51408
TSLA,2023-01-18 05:00:00 UTC,136.555,136.68,127.01,128.78,198301125,130.55768
TSLA,2023-01-19 05:00:00 UTC,127.26,129.99,124.3082,127.17,172462075,127.21659
TSLA,2023-01-20 05:00:00 UTC,128.68,133.51,127.3466,133.42,141903857,131.047526
TSLA,2023-01-23 05:00:00 UTC,135.87,145.3793,134.27,143.75,206160335,141.244828
TSLA,2023-01-24 05:00:00 UTC,143,146.5,141.1,143.89,160675460,143.548576
TSLA,2023-01-25 05:00:00 UTC,141.905,146.41,138.07,144.43,194770773,142.798709
TSLA,2023-01-26 05:00:00 UTC,159.965,161.42,154.76,160.27,238806737,157.910765
TSLA,2023-01-27 05:00:00 UTC,162.43,180.68,161.17,177.9,309508609,173.215931
TSLA,2023-01-30 05:00:00 UTC,178.05,179.77,166.5,166.66,233147806,172.064739
TSLA,2023-01-31 05:00:00 UTC,164.57,174.3,162.78,173.22,200228780,170.964827
TSLA,2023-02-01 05:00:00 UTC,173.89,183.805,169.93,181.41,216770911,175.786382
TSLA,2023-02-02 05:00:00 UTC,187.325,196.7501,182.61,188.27,218469998,190.725467
TSLA,2023-02-03 05:00:00 UTC,183.95,199,183.69,189.98,233445345,193.590184
TSLA,2023-02-06 05:00:00 UTC,193.01,198.17,189.92,194.76,190036857,194.596451
TSLA,2023-02-07 05:00:00 UTC,196.43,197.5,189.55,196.81,188507095,194.081991
TSLA,2023-02-08 05:00:00 UTC,196.1,203,194.31,201.29,183938354,200.337319
TSLA,2023-02-09 05:00:00 UTC,207.775,214,204.77,207.32,217933700,210.018997
TSLA,2023-02-10 05:00:00 UTC,202.225,206.2,192.89,196.89,206408837,197.963716
TSLA,2023-02-13 05:00:00 UTC,194.415,196.3,187.61,194.64,175079033,193.23918
TSLA,2023-02-14 05:00:00 UTC,191.94,209.82,189.44,209.25,219017952,202.035234
TSLA,2023-02-15 05:00:00 UTC,211.755,214.66,206.11,214.24,184506548,211.524495
TSLA,2023-02-16 05:00:00 UTC,210.78,217.65,201.84,202.04,232433061,211.498648
TSLA,2023-02-17 05:00:00 UTC,199.985,208.44,197.5,208.31,215700027,203.002686
TSLA,2023-02-21 05:00:00 UTC,204.99,209.71,197.22,197.37,182883285,202.335201
TSLA,2023-02-22 05:00:00 UTC,197.93,201.99,191.78,200.86,193669770,197.425988
TSLA,2023-02-23 05:00:00 UTC,203.91,205.14,196.33,202.07,148545400,200.588202
TSLA,2023-02-24 05:00:00 UTC,196.325,197.6695,192.8,196.88,144170167,195.549858
TSLA,2023-02-27 05:00:00 UTC,202.03,209.42,201.26,207.63,163868878,206.423939
TSLA,2023-02-28 05:00:00 UTC,210.59,211.23,203.75,205.71,155831905,206.954858
TSLA,2023-03-01 05:00:00 UTC,206.21,207.2,198.52,202.77,158351027,201.687151
TSLA,2023-03-02 05:00:00 UTC,186.74,193.7499,186.01,190.9,185079120,190.102849
TSLA,2023-03-03 05:00:00 UTC,194.795,200.48,192.88,197.79,156659208,197.574996
TSLA,2023-03-06 05:00:00 UTC,198.54,198.6,192.3,193.81,129800108,195.141534
TSLA,2023-03-07 05:00:00 UTC,191.38,194.2,186.1,187.71,149980263,190.103075
TSLA,2023-03-08 05:00:00 UTC,185.04,186.5,180,182,153743549,181.733764
TSLA,2023-03-09 05:00:00 UTC,180.25,185.18,172.5124,172.92,172622103,178.909958
TSLA,2023-03-10 05:00:00 UTC,175.13,178.29,168.44,173.44,193243948,174.271864
TSLA,2023-03-13 04:00:00 UTC,167.455,177.35,163.91,174.48,170522636,171.749657
TSLA,2023-03-14 04:00:00 UTC,177.31,183.8,177.1401,183.26,147435545,181.324589
TSLA,2023-03-15 04:00:00 UTC,180.8,182.34,176.03,180.45,148087719,179.345971
TSLA,2023-03-16 04:00:00 UTC,180.365,185.81,178.84,184.13,123504917,182.931494
TSLA,2023-03-17 04:00:00 UTC,184.515,186.2199,177.33,180.13,140673982,180.491959
TSLA,2023-03-20 04:00:00 UTC,178.08,186.44,176.35,183.25,131142892,182.953363
TSLA,2023-03-21 04:00:00 UTC,188.28,198,188.04,197.58,156692653,193.875518
TSLA,2023-03-22 04:00:00 UTC,199.3,200.66,190.95,191.15,151877870,196.716067
TSLA,2023-03-23 04:00:00 UTC,195.26,199.31,188.65,192.22,146042412,194.650369
TSLA,2023-03-24 04:00:00 UTC,191.65,192.36,187.15,190.41,117982059,189.528355
TSLA,2023-03-27 04:00:00 UTC,194.415,197.39,189.94,191.81,122264765,193.698
TSLA,2023-03-28 04:00:00 UTC,192,192.35,185.43,189.19,99812095,188.194541
TSLA,2023-03-29 04:00:00 UTC,193.13,195.29,189.44,193.88,125790497,192.385045
TSLA,2023-03-30 04:00:00 UTC,195.58,197.33,194.42,195.28,111449080,195.890158
TSLA,2023-03-31 04:00:00 UTC,197.53,207.79,197.2,207.46,169897726,203.72779
TSLA,2023-04-03 04:00:00 UTC,199.91,202.6897,192.2,194.77,171995041,195.748759
TSLA,2023-04-04 04:00:00 UTC,197.32,198.7446,190.32,192.58,126771599,192.93866
TSLA,2023-04-05 04:00:00 UTC,190.515,190.68,183.76,185.52,135908595,186.20756
TSLA,2023-04-06 04:00:00 UTC,183.08,186.39,179.74,185.06,125310410,184.097119
TSLA,2023-04-10 04:00:00 UTC,179.94,185.1,176.11,184.51,143434081,181.100315
TSLA,2023-04-11 04:00:00 UTC,186.69,189.19,185.6475,186.79,116043520,187.410747
TSLA,2023-04-12 04:00:00 UTC,190.74,191.5846,180.31,180.54,151966576,184.330173
TSLA,2023-04-13 04:00:00 UTC,182.955,186.5,180.94,185.9,115038387,184.902062
TSLA,2023-04-14 04:00:00 UTC,183.95,186.28,182.01,185,97375904,184.005381
TSLA,2023-04-17 04:00:00 UTC,186.32,189.69,182.69,187.04,116928292,185.619485
TSLA,2023-04-18 04:00:00 UTC,187.15,187.69,183.5775,184.31,93361003,185.078992
TSLA,2023-04-19 04:00:00 UTC,179.1,183.5,177.65,180.59,127232811,181.256108
TSLA,2023-04-20 04:00:00 UTC,166.165,169.7,160.56,162.99,212312382,164.843531
TSLA,2023-04-21 04:00:00 UTC,164.8,166,161.3208,165.08,124041326,164.13563
TSLA,2023-04-24 04:00:00 UTC,164.65,165.65,158.61,162.55,140388805,161.430402
TSLA,2023-04-25 04:00:00 UTC,159.82,163.47,158.75,160.67,123970767,161.754815
TSLA,2023-04-26 04:00:00 UTC,160.29,160.67,153.14,153.75,153807269,155.789924
TSLA,2023-04-27 04:00:00 UTC,152.64,160.48,152.37,160.19,127559033,157.264116
TSLA,2023-04-28 04:00:00 UTC,160.9,165,157.32,164.31,122681581,162.477697
TSLA,2023-05-01 04:00:00 UTC,163.17,163.28,158.83,161.83,109015048,161.325036
TSLA,2023-05-02 04:00:00 UTC,161.88,165.49,158.93,160.31,129991463,161.808656
TSLA,2023-05-03 04:00:00 UTC,160.01,165,159.91,160.61,119996538,163.324681
TSLA,2023-05-04 04:00:00 UTC,162.71,162.95,159.65,161.2,96455284,161.366003
TSLA,2023-05-05 04:00:00 UTC,163.97,170.7899,163.51,170.06,107762572,168.155626
TSLA,2023-05-08 04:00:00 UTC,173.72,173.8,169.19,171.79,113778778,171.336068
TSLA,2023-05-09 04:00:00 UTC,168.95,169.82,166.56,169.15,90255109,168.137434
TSLA,2023-05-10 04:00:00 UTC,172.55,174.43,166.68,168.54,121790436,170.222023
TSLA,2023-05-11 04:00:00 UTC,168.7,173.57,166.79,172.08,105419706,169.448063
TSLA,2023-05-12 04:00:00 UTC,176.07,177.38,167.23,167.98,159387762,171.140385
TSLA,2023-05-15 04:00:00 UTC,167.655,169.76,164.5499,166.35,106963159,166.887498
TSLA,2023-05-16 04:00:00 UTC,165.65,169.5184,164.35,166.52,99504201,167.365543
TSLA,2023-05-17 04:00:00 UTC,168.41,174.5,167.185,173.86,125821659,172.375279
TSLA,2023-05-18 04:00:00 UTC,174.22,177.06,172.45,176.89,109851927,174.748676
TSLA,2023-05-19 04:00:00 UTC,177.17,181.95,176.31,180.14,138446981,179.576768
TSLA,2023-05-22 04:00:00 UTC,180.7,189.32,180.11,188.87,134070807,185.742686
TSLA,2023-05-23 04:00:00 UTC,186.2,192.96,185.26,185.77,158734682,188.773459
TSLA,2023-05-24 04:00:00 UTC,182.23,184.22,178.22,182.9,139352622,181.41439
TSLA,2023-05-25 04:00:00 UTC,186.54,186.78,180.58,184.47,97294549,184.111097
TSLA,2023-05-26 04:00:00 UTC,184.62,198.6,184.53,193.17,162009883,193.189546
TSLA,2023-05-30 04:00:00 UTC,200.1,204.48,197.53,201.16,130007767,200.482541
TSLA,2023-05-31 04:00:00 UTC,199.78,203.95,195.12,203.93,151250878,199.331162
TSLA,2023-06-01 04:00:00 UTC,202.59,209.8,199.37,207.52,150665749,205.111253
TSLA,2023-06-02 04:00:00 UTC,210.15,217.25,209.752,213.97,183261050,214.538333
TSLA,2023-06-05 04:00:00 UTC,217.8,221.29,214.52,217.61,151190261,218.226337
TSLA,2023-06-06 04:00:00 UTC,216.14,221.91,212.53,221.31,147003677,217.929475
TSLA,2023-06-07 04:00:00 UTC,228,230.8296,223.2,224.57,185727837,226.588007
TSLA,2023-06-08 04:00:00 UTC,224.22,235.23,223.01,234.86,164944844,231.036605
TSLA,2023-06-09 04:00:00 UTC,249.07,252.42,242.02,244.4,200219026,247.092914
TSLA,2023-06-12 04:00:00 UTC,247.94,250.97,244.59,249.83,150748668,247.942053
TSLA,2023-06-13 04:00:00 UTC,253.51,259.68,251.34,258.71,162430817,255.96177
TSLA,2023-06-14 04:00:00 UTC,260.17,261.57,250.5,256.79,170582046,257.011255
TSLA,2023-06-15 04:00:00 UTC,248.4,258.95,247.29,255.9,160243925,255.752484
TSLA,2023-06-16 04:00:00 UTC,258.92,263.6,257.2091,260.54,167870859,260.634309
TSLA,2023-06-20 04:00:00 UTC,261.5,274.75,261.12,274.45,165715696,267.820148
TSLA,2023-06-21 04:00:00 UTC,275.13,276.99,257.78,259.46,211873265,265.140639
TSLA,2023-06-22 04:00:00 UTC,250.77,265,248.25,264.61,166930967,260.079305
TSLA,2023-06-23 04:00:00 UTC,259.29,262.45,252.8,256.6,177677228,257.731634
TSLA,2023-06-26 04:00:00 UTC,250.065,258.37,240.7,241.05,180148413,248.494428
TSLA,2023-06-27 04:00:00 UTC,243.24,250.3899,240.85,250.21,165118461,246.092118
TSLA,2023-06-28 04:00:00 UTC,249.7,259.88,248.89,256.24,159844461,255.914952
TSLA,2023-06-29 04:00:00 UTC,258.03,260.74,253.61,257.5,131283361,256.804454
TSLA,2023-06-30 04:00:00 UTC,260.6,264.45,259.89,261.77,111804671,262.814571
TSLA,2023-07-03 04:00:00 UTC,276.49,284.25,275.11,279.82,119592488,279.563542
TSLA,2023-07-05 04:00:00 UTC,278.82,283.85,277.6,282.48,131586954,280.569691
TSLA,2023-07-06 04:00:00 UTC,278.09,279.97,272.88,276.54,120745103,276.443874
TSLA,2023-07-07 04:00:00 UTC,278.43,280.78,273.77,274.43,113879175,277.553967
TSLA,2023-07-10 04:00:00 UTC,276.47,277.52,265.1,269.61,119453341,269.875537
TSLA,2023-07-11 04:00:00 UTC,268.65,270.9,266.37,269.79,91990575,268.482131
TSLA,2023-07-12 04:00:00 UTC,276.325,276.52,271.46,271.99,95701451,273.439018
TSLA,2023-07-13 04:00:00 UTC,274.59,279.45,270.6,277.9,112695960,274.737269
TSLA,2023-07-14 04:00:00 UTC,277.01,285.3,276.31,281.38,120091488,280.723935
TSLA,2023-07-17 04:00:00 UTC,286.625,292.23,283.57,290.38,131642475,288.111852
TSLA,2023-07-18 04:00:00 UTC,290.15,295.26,286.01,293.34,112465031,290.058235
TSLA,2023-07-19 04:00:00 UTC,296.04,299.29,289.5201,291.26,143260902,295.046634
TSLA,2023-07-20 04:00:00 UTC,279.56,280.93,261.2,262.9,175314537,269.60718
TSLA,2023-07-21 04:00:00 UTC,268,268,255.8,260.02,162417593,261.804469
TSLA,2023-07-24 04:00:00 UTC,255.85,269.85,254.12,269.06,137060400,264.288235
TSLA,2023-07-25 04:00:00 UTC,272.38,272.9,265,265.28,112797579,268.508606
TSLA,2023-07-26 04:00:00 UTC,263.25,268.04,261.75,264.35,95887686,264.829438
TSLA,2023-07-27 04:00:00 UTC,268.31,269.13,255.3,255.71,103754401,262.885755
TSLA,2023-07-28 04:00:00 UTC,259.86,267.25,258.2312,266.44,111446027,264.348289
TSLA,2023-07-31 04:00:00 UTC,267.48,269.08,263.78,267.43,84605432,266.638517
TSLA,2023-08-01 04:00:00 UTC,266.26,266.47,260.25,261.07,83728932,262.362367
TSLA,2023-08-02 04:00:00 UTC,255.57,259.52,250.49,254.11,101804109,254.711919
TSLA,2023-08-03 04:00:00 UTC,252.04,260.49,252,259.32,97886224,256.81524
TSLA,2023-08-04 04:00:00 UTC,260.97,264.77,253.11,253.86,99539908,258.21683
TSLA,2023-08-07 04:00:00 UTC,251.45,253.6511,242.76,251.45,111121391,247.729881
TSLA,2023-08-08 04:00:00 UTC,247.45,250.92,245.01,249.7,96661635,248.577949
TSLA,2023-08-09 04:00:00 UTC,250.87,251.1,241.9,242.19,101635663,245.208822
TSLA,2023-08-10 04:00:00 UTC,245.4,251.8,243,245.34,109519642,246.972238
TSLA,2023-08-11 04:00:00 UTC,241.77,243.79,238.02,242.65,99038644,241.466397
TSLA,2023-08-14 04:00:00 UTC,235.7,240.66,233.75,239.76,98618323,237.921291
TSLA,2023-08-15 04:00:00 UTC,238.73,240.5,232.61,232.96,88246178,235.167875
TSLA,2023-08-16 04:00:00 UTC,228.02,233.97,225.38,225.6,112548579,229.305124
TSLA,2023-08-17 04:00:00 UTC,226.06,226.74,218.83,219.22,120776489,222.909044
TSLA,2023-08-18 04:00:00 UTC,214.12,217.58,212.36,215.49,136276586,215.324979
TSLA,2023-08-21 04:00:00 UTC,221.5512,232.1343,220.58,231.28,135775026,227.60468
TSLA,2023-08-22 04:00:00 UTC,240.25,240.82,229.55,233.19,130622922,234.321986
TSLA,2023-08-23 04:00:00 UTC,229.34,238.98,229.29,236.86,101159557,235.103945
TSLA,2023-08-24 04:00:00 UTC,238.66,238.92,228.1801,230.04,99815698,231.826227
TSLA,2023-08-25 04:00:00 UTC,231.31,239,230.35,238.59,106612231,235.093977
TSLA,2023-08-28 04:00:00 UTC,242.58,244.38,235.35,238.82,107692662,238.48086
TSLA,2023-08-29 04:00:00 UTC,238.58,257.48,237.77,257.18,134104874,250.660318
TSLA,2023-08-30 04:00:00 UTC,254.2,260.51,250.59,256.9,122003655,255.905732
TSLA,2023-08-31 04:00:00 UTC,255.98,261.18,255.05,258.08,108876603,258.059429
TSLA,2023-09-01 04:00:00 UTC,257.26,259.0794,242.01,245.01,132541641,248.083465
TSLA,2023-09-05 04:00:00 UTC,245,258,244.86,256.49,129487693,253.843394
TSLA,2023-09-06 04:00:00 UTC,255.135,255.39,245.06,251.92,117006956,249.462882
TSLA,2023-09-07 04:00:00 UTC,245.07,252.81,243.265,251.49,115336750,248.264928
TSLA,2023-09-08 04:00:00 UTC,251.22,256.52,246.67,248.5,118559636,251.38487
TSLA,2023-09-11 04:00:00 UTC,264.27,274.85,260.61,273.58,174749854,268.963787
TSLA,2023-09-12 04:00:00 UTC,270.76,278.39,266.6,267.48,136025998,271.596858
TSLA,2023-09-13 04:00:00 UTC,270.07,274.98,268.1,271.3,111716974,271.651246
TSLA,2023-09-14 04:00:00 UTC,271.32,276.7094,270.42,276.04,107771198,274.51174
TSLA,2023-09-15 04:00:00 UTC,277.55,278.98,271,274.39,133692313,274.274426
TSLA,2023-09-18 04:00:00 UTC,271.16,271.44,263.7601,265.28,101568477,266.701153
TSLA,2023-09-19 04:00:00 UTC,264.35,267.85,261.2,266.5,103715350,264.943835
TSLA,2023-09-20 04:00:00 UTC,267.04,273.93,262.4606,262.59,122540120,268.369202
TSLA,2023-09-21 04:00:00 UTC,257.85,260.86,254.21,255.7,120037067,257.525415
TSLA,2023-09-22 04:00:00 UTC,257.4,257.7888,244.48,244.88,127524085,251.403626
TSLA,2023-09-25 04:00:00 UTC,243.38,247.1,238.31,246.99,104668716,244.237763
TSLA,2023-09-26 04:00:00 UTC,242.98,249.55,241.6601,244.12,102033779,245.599873
TSLA,2023-09-27 04:00:00 UTC,244.262,245.33,234.58,240.5,136616287,240.406499
TSLA,2023-09-28 04:00:00 UTC,240.02,247.55,238.65,246.38,117096968,244.05336
TSLA,2023-09-29 04:00:00 UTC,250,254.77,246.35,250.22,128526716,251.057762
TSLA,2023-10-02 04:00:00 UTC,244.81,254.2799,242.62,251.6,123843037,249.588208
TSLA,2023-10-03 04:00:00 UTC,248.61,250.02,244.45,246.53,102002965,247.350173
TSLA,2023-10-04 04:00:00 UTC,248.14,261.86,247.6,261.16,129770722,255.820398
TSLA,2023-10-05 04:00:00 UTC,260,263.6,256.25,260.05,119185414,259.64344
TSLA,2023-10-06 04:00:00 UTC,253.98,261.65,250.65,260.53,118121814,256.363983
TSLA,2023-10-09 04:00:00 UTC,255.31,261.36,252.05,259.67,101409033,256.325814
TSLA,2023-10-10 04:00:00 UTC,257.75,268.94,257.65,263.62,122684320,265.046798
TSLA,2023-10-11 04:00:00 UTC,266.2,268.6,260.9,262.99,103727058,264.043044
TSLA,2023-10-12 04:00:00 UTC,262.92,265.41,256.6307,258.87,111551409,261.749611
TSLA,2023-10-13 04:00:00 UTC,258.9,259.6,250.22,251.12,102296788,254.051621
TSLA,2023-10-16 04:00:00 UTC,250.05,255.3999,248.48,253.92,88930672,252.99395
TSLA,2023-10-17 04:00:00 UTC,250.1,257.183,247.08,254.85,93573488,253.238094
TSLA,2023-10-18 04:00:00 UTC,252.7,254.63,242.08,242.68,125980440,246.791928
TSLA,2023-10-19 04:00:00 UTC,225.95,230.61,216.78,220.11,170944596,221.741358
TSLA,2023-10-20 04:00:00 UTC,217.01,218.8606,210.42,211.99,138010097,213.923409
TSLA,2023-10-23 04:00:00 UTC,210,216.98,202.51,212.08,150750605,211.662146
TSLA,2023-10-24 04:00:00 UTC,216.5,222.05,214.11,216.52,118259645,217.665808
TSLA,2023-10-25 04:00:00 UTC,215.88,220.1,212.2,212.42,107288896,216.075758
TSLA,2023-10-26 04:00:00 UTC,211.32,214.8,204.88,205.76,115208783,208.36429
TSLA,2023-10-27 04:00:00 UTC,210.6,213.92,205.77,207.3,94882274,208.651119
TSLA,2023-10-30 04:00:00 UTC,209.28,210.88,194.67,197.36,136503931,199.965108
TSLA,2023-10-31 04:00:00 UTC,196.12,202.8,194.07,200.84,118088997,199.113004
TSLA,2023-11-01 04:00:00 UTC,204.04,205.99,197.85,205.66,121710684,201.876527
TSLA,2023-11-02 04:00:00 UTC,212.97,219.2,211.45,218.51,126084508,216.504488
TSLA,2023-11-03 04:00:00 UTC,221.15,226.3701,218.4,219.96,119534792,221.186671
TSLA,2023-11-06 05:00:00 UTC,223.98,226.32,215,219.27,117394735,219.459955
TSLA,2023-11-07 05:00:00 UTC,219.98,223.12,215.72,222.18,116927581,219.1197
TSLA,2023-11-08 05:00:00 UTC,223.15,224.15,217.64,222.11,106603872,220.265972
TSLA,2023-11-09 05:00:00 UTC,219.75,220.8,206.68,209.98,142156105,211.770395
TSLA,2023-11-10 05:00:00 UTC,210.03,215.38,205.69,214.65,131314334,211.826574
TSLA,2023-11-13 05:00:00 UTC,215.6,225.4,211.6101,223.71,140617709,221.255658
TSLA,2023-11-14 05:00:00 UTC,235.03,238.135,230.72,237.41,149930341,234.707604
TSLA,2023-11-15 05:00:00 UTC,239.29,246.7,236.45,242.84,150391782,242.793401
TSLA,2023-11-16 05:00:00 UTC,239.49,240.88,230.96,233.59,136900875,235.465014
TSLA,2023-11-17 05:00:00 UTC,232,237.39,226.54,234.3,142766236,233.287786
TSLA,2023-11-20 05:00:00 UTC,234.04,237.1,231.02,235.6,116591874,234.203566
TSLA,2023-11-21 05:00:00 UTC,235.04,243.62,233.34,241.2,122332956,240.976415
TSLA,2023-11-22 05:00:00 UTC,242.04,244.01,231.4,234.21,118143474,234.596496
TSLA,2023-11-24 05:00:00 UTC,233.75,238.75,232.33,235.45,65125204,236.493181
TSLA,2023-11-27 05:00:00 UTC,236.89,238.33,232.1,236.08,112057261,235.603244
TSLA,2023-11-28 05:00:00 UTC,236.68,247,234.01,246.72,148648582,241.082101
TSLA,2023-11-29 05:00:00 UTC,249.21,252.75,242.76,244.14,135445276,248.023901
TSLA,2023-11-30 05:00:00 UTC,245.14,245.22,236.91,240.08,132457365,240.765517
TSLA,2023-12-01 05:00:00 UTC,233.14,240.19,231.9,238.83,121331711,236.53333
TSLA,2023-12-04 05:00:00 UTC,235.75,239.3733,233.2902,235.58,104114066,236.434654
TSLA,2023-12-05 05:00:00 UTC,233.87,246.66,233.7,238.72,138001929,241.108497
TSLA,2023-12-06 05:00:00 UTC,242.92,246.57,239.1709,239.37,126467079,243.400696
TSLA,2023-12-07 05:00:00 UTC,241.55,244.08,236.98,242.64,107162580,240.883405
TSLA,2023-12-08 05:00:00 UTC,240.27,245.27,239.2701,243.84,103127144,243.040195
TSLA,2023-12-11 05:00:00 UTC,242.74,243.441,237.45,239.74,97934659,240.114198
TSLA,2023-12-12 05:00:00 UTC,238.55,238.99,233.87,237.01,95351249,235.760731
TSLA,2023-12-13 05:00:00 UTC,234.19,240.3,228.2,239.29,146287024,233.801499
TSLA,2023-12-14 05:00:00 UTC,241.22,253.88,240.79,251.05,160856357,248.842309
TSLA,2023-12-15 05:00:00 UTC,251.21,254.13,248.3,253.5,135932762,252.040492
TSLA,2023-12-18 05:00:00 UTC,253.78,258.74,251.36,252.08,116439752,254.988313
TSLA,2023-12-19 05:00:00 UTC,253.48,258.3399,253.01,257.22,106763970,256.212977
TSLA,2023-12-20 05:00:00 UTC,256.41,259.84,247,247.14,125136084,254.560984
TSLA,2023-12-21 05:00:00 UTC,251.9,254.7999,248.55,254.5,109639080,252.030838
TSLA,2023-12-22 05:00:00 UTC,256.76,258.22,251.37,252.54,93370094,255.182406
TSLA,2023-12-26 05:00:00 UTC,254.49,257.97,252.91,256.61,86911086,256.396041
TSLA,2023-12-27 05:00:00 UTC,258.35,263.34,257.52,261.44,106526727,261.83637
TSLA,2023-12-28 05:00:00 UTC,263.66,265.13,252.71,253.18,113656066,258.461457
TSLA,2023-12-29 05:00:00 UTC,255.1,255.19,247.43,248.48,100891958,250.333885
TSLA,2024-01-02 05:00:00 UTC,250.08,251.25,244.41,248.42,104677350,248.350303
TSLA,2024-01-03 05:00:00 UTC,244.98,245.68,236.32,238.45,121104606,239.769658
TSLA,2024-01-04 05:00:00 UTC,239.25,242.7,237.73,237.93,102645460,240.359483
TSLA,2024-01-05 05:00:00 UTC,236.86,240.1196,234.9001,237.49,92488939,237.93239
TSLA,2024-01-08 05:00:00 UTC,236.14,241.25,235.3,240.45,85180396,238.603202
TSLA,2024-01-09 05:00:00 UTC,238.11,238.9646,232.04,234.96,96715676,234.645278
TSLA,2024-01-10 05:00:00 UTC,235.1,235.5,231.29,233.94,91642761,233.474841
TSLA,2024-01-11 05:00:00 UTC,230.57,230.93,225.37,227.22,105925601,227.453305
TSLA,2024-01-12 05:00:00 UTC,220.08,225.34,217.1501,218.89,123043878,220.368756
TSLA,2024-01-16 05:00:00 UTC,215.1,223.49,212.18,219.91,115379920,219.517746
TSLA,2024-01-17 05:00:00 UTC,214.86,215.67,212.01,215.55,103212193,213.840452
TSLA,2024-01-18 05:00:00 UTC,216.88,217.45,208.74,211.88,108628840,212.195542
TSLA,2024-01-19 05:00:00 UTC,209.99,213.19,207.56,212.19,102260343,210.379549
TSLA,2024-01-22 05:00:00 UTC,212.26,217.8,206.27,208.8,117974149,210.643058
TSLA,2024-01-23 05:00:00 UTC,211.3,215.65,207.7516,209.14,106635433,210.552302
TSLA,2024-01-24 05:00:00 UTC,211.88,212.73,206.77,207.83,123951859,209.937505
TSLA,2024-01-25 05:00:00 UTC,189.7,193,180.06,182.63,198226698,184.845428
TSLA,2024-01-26 05:00:00 UTC,185.5,186.78,182.1,183.25,107343231,183.96966
TSLA,2024-01-29 05:00:00 UTC,185.63,191.48,183.67,190.93,125013048,188.072239
TSLA,2024-01-30 05:00:00 UTC,195.33,196.3593,190.61,191.59,109982327,193.051997
TSLA,2024-01-31 05:00:00 UTC,186.995,193.97,185.8459,187.29,103221430,189.862041
TSLA,2024-02-01 05:00:00 UTC,188.5,189.88,184.28,188.86,91843275,187.207379
TSLA,2024-02-02 05:00:00 UTC,185.04,188.69,182,187.91,110612672,185.032041
TSLA,2024-02-05 05:00:00 UTC,184.26,184.68,175.01,181.06,134294447,179.913848
TSLA,2024-02-06 05:00:00 UTC,177.21,186.49,177.11,185.1,122675954,183.503034
TSLA,2024-02-07 05:00:00 UTC,188.18,189.79,182.68,187.58,111535217,187.126466
TSLA,2024-02-08 05:00:00 UTC,189,191.6171,185.58,189.56,83034043,189.287666
TSLA,2024-02-09 05:00:00 UTC,190.18,194.12,189.48,193.57,84476347,192.523321
TSLA,2024-02-12 05:00:00 UTC,192.11,194.73,187.28,188.13,95498597,190.526907
TSLA,2024-02-13 05:00:00 UTC,183.99,187.26,182.1087,184.02,86759478,184.209343
TSLA,2024-02-14 05:00:00 UTC,185.3,188.89,183.35,188.71,81202987,186.118118
TSLA,2024-02-15 05:00:00 UTC,189.16,200.88,188.8595,200.45,120831762,195.96286
TSLA,2024-02-16 05:00:00 UTC,202.06,203.17,197.4,199.95,111346705,200.238548
TSLA,2024-02-20 05:00:00 UTC,196.13,198.6,189.13,193.76,104545762,192.434811
TSLA,2024-02-21 05:00:00 UTC,193.36,199.44,191.95,194.77,103844008,194.859434
TSLA,2024-02-22 05:00:00 UTC,194,198.32,191.36,197.41,92739461,195.13382
TSLA,2024-02-23 05:00:00 UTC,195.31,197.57,191.5,191.97,78841917,193.969422
TSLA,2024-02-26 05:00:00 UTC,192.29,201.78,192,199.4,111827116,198.905939
TSLA,2024-02-27 05:00:00 UTC,204.04,205.6,198.26,199.73,108645412,201.436072
TSLA,2024-02-28 05:00:00 UTC,200.42,205.3,198.44,202.04,99806173,202.578573
TSLA,2024-02-29 05:00:00 UTC,204.18,205.28,198.4463,201.88,85909374,201.412818
TSLA,2024-03-01 05:00:00 UTC,200.52,204.52,198.5,202.64,82243119,201.588719
TSLA,2024-03-04 05:00:00 UTC,198.73,199.75,186.72,188.14,135041869,190.369111
TSLA,2024-03-05 05:00:00 UTC,183.05,184.59,177.57,180.74,119679258,180.638355
TSLA,2024-03-06 05:00:00 UTC,179.99,181.576,173.7,176.54,107920944,177.294779
TSLA,2024-03-07 05:00:00 UTC,174.35,180.04,173.7,178.65,102129004,177.88457
TSLA,2024-03-08 05:00:00 UTC,181.5,182.73,174.7,175.34,85544644,177.08275
TSLA,2024-03-11 04:00:00 UTC,175.445,182.87,174.8,177.77,85391528,178.991442
TSLA,2024-03-12 04:00:00 UTC,177.77,179.43,172.4101,177.54,87391504,176.426945
TSLA,2024-03-13 04:00:00 UTC,173.05,176.05,169.15,169.48,106524518,171.642567
TSLA,2024-03-14 04:00:00 UTC,167.77,171.17,160.51,162.5,126327596,164.109706
TSLA,2024-03-15 04:00:00 UTC,163.16,165.1845,160.76,163.57,97146832,162.872746
TSLA,2024-03-18 04:00:00 UTC,170.02,174.72,165.9,173.8,108214358,171.762644
TSLA,2024-03-19 04:00:00 UTC,172.36,172.82,167.42,171.32,77278528,170.802193
TSLA,2024-03-20 04:00:00 UTC,173,176.25,170.82,175.66,83846726,173.392991
TSLA,2024-03-21 04:00:00 UTC,176.39,178.18,171.8,172.82,73178014,174.299138
TSLA,2024-03-22 04:00:00 UTC,166.69,171.2,166.3,170.83,75580637,169.353099
TSLA,2024-03-25 04:00:00 UTC,168.76,175.24,168.73,172.63,74228615,172.063943
TSLA,2024-03-26 04:00:00 UTC,178.58,184.25,177.38,177.67,113186227,180.849345
TSLA,2024-03-27 04:00:00 UTC,181.41,181.91,176,179.83,81804043,179.122193
TSLA,2024-03-28 04:00:00 UTC,177.45,179.57,175.3,175.79,77654838,176.788255
TSLA,2024-04-01 04:00:00 UTC,176.17,176.75,170.21,175.22,81562127,173.131693
TSLA,2024-04-02 04:00:00 UTC,164.75,167.69,163.43,166.63,116650594,165.788322
TSLA,2024-04-03 04:00:00 UTC,164.02,168.82,163.28,168.38,82950141,166.912558
TSLA,2024-04-04 04:00:00 UTC,170.07,177.19,168.01,171.11,123161960,172.92947
TSLA,2024-04-05 04:00:00 UTC,169.08,170.86,160.51,164.9,143157603,166.177091
TSLA,2024-04-08 04:00:00 UTC,169.34,174.5,167.79,172.98,104423320,172.613838
TSLA,2024-04-09 04:00:00 UTC,172.91,179.22,171.92,176.88,103232675,175.946489
TSLA,2024-04-10 04:00:00 UTC,173.04,174.93,170.01,171.76,84532407,171.820544
TSLA,2024-04-11 04:00:00 UTC,172.55,175.88,168.51,174.6,94515987,172.472538
TSLA,2024-04-12 04:00:00 UTC,172.34,173.8099,170.3644,171.05,64618300,171.824813
TSLA,2024-04-15 04:00:00 UTC,170.24,170.69,161.38,161.48,100245310,164.491064
TSLA,2024-04-16 04:00:00 UTC,156.742,158.19,153.75,157.11,96999956,156.354785
TSLA,2024-04-17 04:00:00 UTC,157.64,158.33,153.78,155.45,82439718,155.945167
TSLA,2024-04-18 04:00:00 UTC,151.25,152.2,148.7,149.93,96098830,150.45591
TSLA,2024-04-19 04:00:00 UTC,148.97,150.94,146.22,147.05,87074500,148.744594
TSLA,2024-04-22 04:00:00 UTC,140.56,144.44,138.8025,142.05,107097564,141.705475
TSLA,2024-04-23 04:00:00 UTC,143.33,147.26,141.11,144.68,124545104,144.904004
TSLA,2024-04-24 04:00:00 UTC,162.84,167.97,157.51,162.13,181251511,161.92409
TSLA,2024-04-25 04:00:00 UTC,158.96,170.88,158.36,170.18,126427521,165.584064
TSLA,2024-04-26 04:00:00 UTC,168.85,172.12,166.37,168.29,109815725,169.165039
TSLA,2024-04-29 04:00:00 UTC,188.42,198.87,184.54,194.05,243875078,191.934834
TSLA,2024-04-30 04:00:00 UTC,186.98,190.95,182.8401,183.28,127031787,185.6784
TSLA,2024-05-01 04:00:00 UTC,182,185.86,179.01,179.99,92829719,181.687964
TSLA,2024-05-02 04:00:00 UTC,182.86,184.6,176.02,180.01,89148041,179.683861
TSLA,2024-05-03 04:00:00 UTC,182.1,184.78,178.42,181.19,75491539,181.248393
TSLA,2024-05-06 04:00:00 UTC,183.8,187.56,182.2,184.76,84390253,184.522822
TSLA,2024-05-07 04:00:00 UTC,182.4,183.26,177.4,177.81,75045854,179.156392
TSLA,2024-05-08 04:00:00 UTC,171.59,176.06,170.15,174.72,79969488,173.884987
TSLA,2024-05-09 04:00:00 UTC,175.01,175.62,171.37,171.97,65950292,173.016247
TSLA,2024-05-10 04:00:00 UTC,173.05,173.0599,167.75,168.47,72627178,169.427618
TSLA,2024-05-13 04:00:00 UTC,170,175.4,169,171.89,67018903,172.606544
TSLA,2024-05-14 04:00:00 UTC,174.4959,179.49,174.07,177.55,86407422,176.979861
TSLA,2024-05-15 04:00:00 UTC,179.9,180,173.11,173.99,79662993,174.63672
TSLA,2024-05-16 04:00:00 UTC,174.1,175.79,171.43,174.84,59812220,174.233682
TSLA,2024-05-17 04:00:00 UTC,173.55,179.63,172.75,177.46,77445845,176.858607
TSLA,2024-05-20 04:00:00 UTC,177.56,177.754,173.52,174.95,61727875,174.731828
TSLA,2024-05-21 04:00:00 UTC,175.51,186.875,174.71,186.6,115266512,182.074385
TSLA,2024-05-22 04:00:00 UTC,182.85,183.8,178.12,180.11,88313477,180.677059
TSLA,2024-05-23 04:00:00 UTC,181.8,181.9,173.26,173.74,71975496,176.219919
TSLA,2024-05-24 04:00:00 UTC,174.835,180.08,173.73,179.24,65584478,178.090081
TSLA,2024-05-28 04:00:00 UTC,176.4,178.25,173.16,176.75,59744120,175.700142
TSLA,2024-05-29 04:00:00 UTC,174.19,178.15,173.93,176.19,54782649,176.245357
TSLA,2024-05-30 04:00:00 UTC,178.575,182.67,175.38,178.79,77784755,178.881036
TSLA,2024-05-31 04:00:00 UTC,178.5,180.32,173.82,178.08,67374602,176.901019
TSLA,2024-06-03 04:00:00 UTC,178.13,182.6389,174.49,176.29,68568920,178.34326
TSLA,2024-06-04 04:00:00 UTC,174.775,177.755,174,174.77,60056340,175.625313
TSLA,2024-06-05 04:00:00 UTC,175.35,176.15,172.13,175,57953756,174.4335
TSLA,2024-06-06 04:00:00 UTC,174.6,179.73,172.73,177.94,69887024,176.303407
TSLA,2024-06-07 04:00:00 UTC,176.13,179.35,175.58,177.48,56244932,177.737981
TSLA,2024-06-10 04:00:00 UTC,176.06,178.57,173.17,173.79,50869682,175.405541
TSLA,2024-06-11 04:00:00 UTC,173.92,174.75,167.41,170.66,64761928,169.431234
TSLA,2024-06-12 04:00:00 UTC,171.12,180.55,169.8,177.29,90389446,177.162902
TSLA,2024-06-13 04:00:00 UTC,188.39,191.08,181.23,182.47,118984122,185.342822
TSLA,2024-06-14 04:00:00 UTC,185.8,186,176.92,178.01,82038194,179.605173
TSLA,2024-06-17 04:00:00 UTC,177.92,188.81,177,187.44,109786083,185.271739
TSLA,2024-06-18 04:00:00 UTC,186.56,187.2,182.37,184.86,68982265,184.274017
TSLA,2024-06-20 04:00:00 UTC,184.68,185.21,179.66,181.57,55893139,181.955611
TSLA,2024-06-21 04:00:00 UTC,182.3,183.95,180.69,183.01,63029482,182.35884
TSLA,2024-06-24 04:00:00 UTC,184.97,188.8,182.55,182.58,61992070,185.045823
TSLA,2024-06-25 04:00:00 UTC,184.4,187.97,182.01,187.35,63678265,185.906816
TSLA,2024-06-26 04:00:00 UTC,186.54,197.755,186.36,196.37,95737066,194.017514
TSLA,2024-06-27 04:00:00 UTC,195.17,198.72,194.05,197.42,72746521,196.223345
TSLA,2024-06-28 04:00:00 UTC,199.55,203.2,195.26,197.88,95205166,199.382161
TSLA,2024-07-01 04:00:00 UTC,201.02,213.23,200.85,209.86,135691395,209.208978
TSLA,2024-07-02 04:00:00 UTC,218.89,231.3,218.06,231.26,205047920,227.24125
TSLA,2024-07-03 04:00:00 UTC,234.56,248.35,234.25,246.39,166561471,242.646865
TSLA,2024-07-05 04:00:00 UTC,249.81,252.37,242.4601,251.52,154501152,247.976076
TSLA,2024-07-08 04:00:00 UTC,247.71,259.439,244.57,252.94,157219580,252.720729
TSLA,2024-07-09 04:00:00 UTC,251,265.61,250.3,262.33,160742516,260.331286
TSLA,2024-07-10 04:00:00 UTC,262.8,267.59,257.86,263.26,128519430,263.450029
TSLA,2024-07-11 04:00:00 UTC,263.3,271,239.65,241.03,221707273,252.919859
TSLA,2024-07-12 04:00:00 UTC,235.8,251.84,233.0912,248.23,155955773,247.117343
TSLA,2024-07-15 04:00:00 UTC,255.97,265.6,251.73,252.64,146912920,259.455378
TSLA,2024-07-16 04:00:00 UTC,255.31,258.62,245.8001,256.56,126332470,252.971113
TSLA,2024-07-17 04:00:00 UTC,252.73,258.47,246.182,248.5,115584810,250.703005
TSLA,2024-07-18 04:00:00 UTC,251.09,257.14,247.2,249.23,110869037,252.307059
TSLA,2024-07-19 04:00:00 UTC,247.79,249.44,236.83,239.2,87403903,241.524185
TSLA,2024-07-22 04:00:00 UTC,244.21,253.21,243.75,251.51,101225430,249.677257
TSLA,2024-07-23 04:00:00 UTC,253.6,255.7594,245.63,246.38,111928192,248.800826
TSLA,2024-07-24 04:00:00 UTC,225.42,225.99,214.71,215.99,167942939,219.039313
TSLA,2024-07-25 04:00:00 UTC,216.8,226,216.231,220.25,100636466,222.389696
TSLA,2024-07-26 04:00:00 UTC,221.19,222.2799,215.33,219.8,94604145,219.059243
TSLA,2024-07-29 04:00:00 UTC,224.9,234.27,224.7,232.1,129201789,230.956988
TSLA,2024-07-30 04:00:00 UTC,232.25,232.41,220,222.62,100560334,225.424534
TSLA,2024-07-31 04:00:00 UTC,227.9,234.68,226.7875,232.07,67497011,231.55498
TSLA,2024-08-01 04:00:00 UTC,227.69,231.867,214.3328,216.86,83861898,221.946165
TSLA,2024-08-02 04:00:00 UTC,214.88,216.13,205.78,207.67,82880120,209.75854
TSLA,2024-08-05 04:00:00 UTC,185.22,203.8799,182,198.88,100308836,197.085682
TSLA,2024-08-06 04:00:00 UTC,200.75,202.9,192.67,200.64,73783942,198.789469
TSLA,2024-08-07 04:00:00 UTC,200.77,203.49,191.48,191.76,71159778,196.734993
TSLA,2024-08-08 04:00:00 UTC,195.7,200.7,192.04,198.84,65033874,197.521815
TSLA,2024-08-09 04:00:00 UTC,197.05,200.88,195.11,200,58648274,198.339864
TSLA,2024-08-12 04:00:00 UTC,199.02,199.26,194.67,197.49,64044903,197.109458
TSLA,2024-08-13 04:00:00 UTC,198.47,208.49,197.06,207.83,76247387,205.197089
TSLA,2024-08-14 04:00:00 UTC,207.39,208.44,198.75,201.38,70250014,201.718409
TSLA,2024-08-15 04:00:00 UTC,205.02,215.88,204.82,214.14,89848530,213.096749
TSLA,2024-08-16 04:00:00 UTC,211.15,219.8,210.8,216.12,88765122,216.434577
TSLA,2024-08-19 04:00:00 UTC,217.07,222.98,214.09,222.72,76435222,220.105397
TSLA,2024-08-20 04:00:00 UTC,224.88,228.22,219.56,221.1,74001182,222.791817
TSLA,2024-08-21 04:00:00 UTC,222.67,224.6594,218.86,223.27,70145964,221.903184
TSLA,2024-08-22 04:00:00 UTC,223.82,224.8,210.32,210.66,79514482,216.908037
TSLA,2024-08-23 04:00:00 UTC,214.455,221.48,214.21,220.32,81525207,218.453752
TSLA,2024-08-26 04:00:00 UTC,218.75,219.09,211.01,213.21,59301187,213.843704
TSLA,2024-08-27 04:00:00 UTC,213.25,215.66,206.94,209.21,62821390,209.894912
TSLA,2024-08-28 04:00:00 UTC,209.72,211.84,202.59,205.75,64116350,205.951438
TSLA,2024-08-29 04:00:00 UTC,209.8,214.89,205.97,206.28,62308818,210.47838
TSLA,2024-08-30 04:00:00 UTC,208.63,214.5701,207.03,214.11,63370608,210.586027
TSLA,2024-09-03 04:00:00 UTC,215.26,219.9043,209.64,210.6,76714222,214.320776
TSLA,2024-09-04 04:00:00 UTC,210.59,222.22,210.57,219.41,80651767,218.667749
TSLA,2024-09-05 04:00:00 UTC,223.49,235,222.25,230.17,119355013,229.66563
TSLA,2024-09-06 04:00:00 UTC,232.6,233.6,210.51,210.73,112177004,218.425428
TSLA,2024-09-09 04:00:00 UTC,216.2,219.87,213.67,216.27,67443518,216.976641
TSLA,2024-09-10 04:00:00 UTC,220.07,226.4,218.6377,226.17,78891136,222.916946
TSLA,2024-09-11 04:00:00 UTC,224.55,228.47,216.8003,228.13,83548633,222.682695
TSLA,2024-09-12 04:00:00 UTC,224.66,231.45,223.83,229.81,72020042,229.004444
TSLA,2024-09-13 04:00:00 UTC,228,232.67,226.32,230.29,59515114,229.618634
TSLA,2024-09-16 04:00:00 UTC,229.3,229.96,223.53,226.78,54322995,227.091594
TSLA,2024-09-17 04:00:00 UTC,229.45,234.57,226.5533,227.87,66761636,230.678221
TSLA,2024-09-18 04:00:00 UTC,230.09,235.68,226.88,227.2,78010204,230.107879
TSLA,2024-09-19 04:00:00 UTC,234,244.24,232.13,243.92,102694576,240.726808
TSLA,2024-09-20 04:00:00 UTC,241.52,243.99,235.92,238.25,99879070,239.128476
TSLA,2024-09-23 04:00:00 UTC,242.61,250,241.92,250,86927194,248.056294
TSLA,2024-09-24 04:00:00 UTC,254.08,257.19,249.0501,254.27,88490999,253.310192
TSLA,2024-09-25 04:00:00 UTC,252.54,257.05,252.28,257.02,65034318,255.366628
TSLA,2024-09-26 04:00:00 UTC,260.6,261.75,251.53,254.22,67142193,255.794145
TSLA,2024-09-27 04:00:00 UTC,257.375,260.6999,254.12,260.46,70988067,258.213429
TSLA,2024-09-30 04:00:00 UTC,259.04,264.86,255.77,261.63,80873381,260.055672
TSLA,2024-10-01 04:00:00 UTC,262.67,263.98,248.53,258.02,87397613,255.185076
TSLA,2024-10-02 04:00:00 UTC,247.55,251.1585,241.5,249.02,93988780,247.20837
TSLA,2024-10-03 04:00:00 UTC,244.48,249.79,237.81,240.66,80729240,242.906991
TSLA,2024-10-04 04:00:00 UTC,246.69,250.96,244.58,250.08,86726285,248.21465
TSLA,2024-10-07 04:00:00 UTC,249,249.83,240.7,240.83,68113270,244.246201
TSLA,2024-10-08 04:00:00 UTC,243.56,246.21,240.56,244.5,56303160,244.17498
TSLA,2024-10-09 04:00:00 UTC,243.82,247.43,239.51,241.05,66289529,243.504127
TSLA,2024-10-10 04:00:00 UTC,241.81,242.7899,232.34,238.77,83087063,238.918541
TSLA,2024-10-11 04:00:00 UTC,220.13,223.34,214.38,217.8,142628874,219.267879
TSLA,2024-10-14 04:00:00 UTC,220.13,221.91,213.74,219.16,86295523,218.408438
TSLA,2024-10-15 04:00:00 UTC,220.01,224.26,217.12,219.57,62988787,220.587822
TSLA,2024-10-16 04:00:00 UTC,221.4,222.8199,218.93,221.33,49632824,220.882636
TSLA,2024-10-17 04:00:00 UTC,221.59,222.08,217.9,220.89,50791784,220.059449
TSLA,2024-10-18 04:00:00 UTC,220.71,222.28,219.23,220.7,49611867,221.040776
TSLA,2024-10-21 04:00:00 UTC,218.9,220.48,215.726,218.85,47328988,218.329742
TSLA,2024-10-22 04:00:00 UTC,217.31,218.22,215.26,217.97,43268741,216.879015
TSLA,2024-10-23 04:00:00 UTC,217.125,218.72,212.11,213.65,80938892,214.936288
TSLA,2024-10-24 04:00:00 UTC,244.68,262.1199,242.65,260.48,204491903,253.716439
TSLA,2024-10-25 04:00:00 UTC,256.01,269.49,255.32,269.19,161611931,266.083265
TSLA,2024-10-28 04:00:00 UTC,270,273.536,262.24,262.51,107653603,268.354901
TSLA,2024-10-29 04:00:00 UTC,264.51,264.98,255.51,259.52,80521751,259.480108
TSLA,2024-10-30 04:00:00 UTC,258.035,263.35,255.8201,257.55,53993576,260.459011
TSLA,2024-10-31 04:00:00 UTC,257.99,259.75,249.25,249.85,66575292,252.608271
TSLA,2024-11-01 04:00:00 UTC,252.043,254,246.63,248.98,57544757,249.993414
TSLA,2024-11-04 05:00:00 UTC,244.56,248.9,238.88,242.84,68802354,244.200724
TSLA,2024-11-05 05:00:00 UTC,247.34,255.2799,246.2101,251.44,69282505,252.227263
TSLA,2024-11-06 05:00:00 UTC,284.67,289.59,275.62,288.53,165228710,285.313577
TSLA,2024-11-07 05:00:00 UTC,288.89,299.75,285.52,296.91,117309232,295.600446
TSLA,2024-11-08 05:00:00 UTC,299.14,328.71,297.66,321.22,204782763,316.692769
TSLA,2024-11-11 05:00:00 UTC,346.3,358.64,336,350,210521625,346.387775
TSLA,2024-11-12 05:00:00 UTC,342.74,345.84,323.31,328.49,155726016,334.345325
TSLA,2024-11-13 05:00:00 UTC,335.85,344.5999,322.5,330.24,125405599,331.377575
TSLA,2024-11-14 05:00:00 UTC,327.69,329.98,310.37,311.18,120726109,317.517044
TSLA,2024-11-15 05:00:00 UTC,310.57,324.6799,309.22,320.72,114440286,318.353991
TSLA,2024-11-18 05:00:00 UTC,340.73,348.5499,330.01,338.74,126620574,340.421148
TSLA,2024-11-19 05:00:00 UTC,335.76,347.3799,332.75,346,88852452,342.868436
TSLA,2024-11-20 05:00:00 UTC,345,346.5999,334.3,342.03,66205416,339.645857
TSLA,2024-11-21 05:00:00 UTC,343.81,347.9899,335.28,339.64,58011719,341.890929
TSLA,2024-11-22 05:00:00 UTC,341.085,361.53,337.7,352.56,89140722,350.210598
TSLA,2024-11-25 05:00:00 UTC,360.14,361.93,338.2,338.59,95890899,349.279085
TSLA,2024-11-26 05:00:00 UTC,341,346.96,335.66,338.23,62295857,341.486449
TSLA,2024-11-27 05:00:00 UTC,341.8,342.55,326.59,332.89,57896439,333.076521
TSLA,2024-11-29 05:00:00 UTC,336.08,345.45,334.6501,345.16,37167621,340.31644
TSLA,2024-12-02 05:00:00 UTC,352.38,360,351.1501,357.09,77986478,355.988891
TSLA,2024-12-03 05:00:00 UTC,351.8,355.69,348.2,351.42,58267196,350.981238
TSLA,2024-12-04 05:00:00 UTC,353,358.1,348.6,357.93,50810874,353.008985
TSLA,2024-12-05 05:00:00 UTC,359.87,375.43,359.5,369.49,81403569,370.295775
TSLA,2024-12-06 05:00:00 UTC,377.42,389.49,370.8,389.22,81455834,378.435864
TSLA,2024-12-09 05:00:00 UTC,397.61,404.8,378.01,389.79,96359173,388.888046
TSLA,2024-12-10 05:00:00 UTC,392.68,409.73,390.85,400.99,97563578,403.376888
TSLA,2024-12-11 05:00:00 UTC,409.7,424.88,402.38,424.77,104287559,414.821737
TSLA,2024-12-12 05:00:00 UTC,424.84,429.3,415,418.1,87752225,421.696696
TSLA,2024-12-13 05:00:00 UTC,420,436.3,415.71,436.23,89000158,428.340815
TSLA,2024-12-16 05:00:00 UTC,441.09,463.19,436.15,463.02,114083811,453.075452
TSLA,2024-12-17 05:00:00 UTC,475.9,483.99,457.5101,479.86,131222978,473.779226
TSLA,2024-12-18 05:00:00 UTC,466.495,488.5399,427.01,440.13,149340788,462.408782
TSLA,2024-12-19 05:00:00 UTC,451.88,456.36,420.02,436.17,118566146,437.747352
TSLA,2024-12-20 05:00:00 UTC,425.505,447.08,417.64,421.06,132216176,431.669349
TSLA,2024-12-23 05:00:00 UTC,431,434.51,415.4112,430.6,72698055,428.677054
TSLA,2024-12-24 05:00:00 UTC,435.9,462.78,435.14,462.28,59551750,451.6592
TSLA,2024-12-26 05:00:00 UTC,465.16,465.3299,451.02,454.13,76651210,456.515136
TSLA,2024-12-27 05:00:00 UTC,449.52,450,426.5,431.66,82666821,434.553184
TSLA,2024-12-30 05:00:00 UTC,419.4,427,415.75,417.41,64941012,420.769552
TSLA,2024-12-31 05:00:00 UTC,423.79,427.93,402.54,403.84,76825121,413.079198
TSLA,2025-01-02 05:00:00 UTC,390.1,392.7299,373.04,379.28,109710749,380.93662
TSLA,2025-01-03 05:00:00 UTC,381.48,411.8799,379.45,410.44,95423329,397.358166
TSLA,2025-01-06 05:00:00 UTC,423.2,426.43,401.7,411.05,85516534,411.926339
TSLA,2025-01-07 05:00:00 UTC,405.83,414.33,390,394.36,75699525,397.553043
TSLA,2025-01-08 05:00:00 UTC,392.95,402.4999,387.4,394.94,73038805,395.503484
TSLA,2025-01-10 05:00:00 UTC,391.4,399.28,377.29,394.74,62287333,392.521782
TSLA,2025-01-13 05:00:00 UTC,383.21,403.79,380.07,403.31,67580494,392.287984
TSLA,2025-01-14 05:00:00 UTC,414.34,422.64,394.54,396.36,84565022,408.315226
TSLA,2025-01-15 05:00:00 UTC,409.9,429.8,405.661,428.22,81375460,419.665889
TSLA,2025-01-16 05:00:00 UTC,423.49,424,409.13,413.82,68335151,414.692584
TSLA,2025-01-17 05:00:00 UTC,421.5,439.74,419.75,426.5,94991429,431.143857
TSLA,2025-01-21 05:00:00 UTC,432.64,433.2,406.31,424.07,87320894,416.698413
TSLA,2025-01-22 05:00:00 UTC,416.81,428,414.59,415.11,60963342,419.951867
TSLA,2025-01-23 05:00:00 UTC,416.06,420.73,408.95,412.38,50690592,412.953492
TSLA,2025-01-24 05:00:00 UTC,414.45,418.88,405.78,406.58,56427149,411.805184
TSLA,2025-01-27 05:00:00 UTC,394.8,406.69,389,397.15,58125510,398.061358
TSLA,2025-01-28 05:00:00 UTC,396.91,400.59,386.5,398.09,48910676,393.759183
TSLA,2025-01-29 05:00:00 UTC,395.21,398.5899,384.48,389.1,68033648,390.198862
TSLA,2025-01-30 05:00:00 UTC,410.78,412.5,384.41,400.28,98092879,398.863881
TSLA,2025-01-31 05:00:00 UTC,401.53,419.99,401.34,404.6,83568219,411.562838
TSLA,2025-02-03 05:00:00 UTC,386.68,389.17,374.36,383.68,93667990,382.79558
TSLA,2025-02-04 05:00:00 UTC,382.63,394,381.4,392.21,56887097,387.034276
TSLA,2025-02-05 05:00:00 UTC,387.51,388.39,375.53,378.17,57614721,381.307481
TSLA,2025-02-06 05:00:00 UTC,373.03,375.4,363.18,374.32,77918230,368.749796
TSLA,2025-02-07 05:00:00 UTC,370.19,380.5459,360.34,361.62,70039450,368.731833
TSLA,2025-02-10 05:00:00 UTC,356.21,362.7,350.51,350.73,77475129,356.578934
TSLA,2025-02-11 05:00:00 UTC,345.8,349.37,325.1,328.5,118543400,335.217463
TSLA,2025-02-12 05:00:00 UTC,329.94,346.4,329.12,336.51,105382729,339.515711
TSLA,2025-02-13 05:00:00 UTC,345,358.69,342.85,355.94,89441519,352.237369
TSLA,2025-02-14 05:00:00 UTC,360.62,362,347.5,355.84,68277279,353.259755
TSLA,2025-02-18 05:00:00 UTC,355.01,359.1,350.02,354.11,51631702,354.488447
TSLA,2025-02-19 05:00:00 UTC,354,367.34,353.67,360.56,67020286,361.863395
TSLA,2025-02-20 05:00:00 UTC,361.51,362.3,348,354.4,45965354,353.36419
TSLA,2025-02-21 05:00:00 UTC,353.44,354.98,334.42,337.8,74058648,342.133875
TSLA,2025-02-24 05:00:00 UTC,338.14,342.3973,324.7,330.53,76052321,333.274028
TSLA,2025-02-25 05:00:00 UTC,327.025,328.89,297.2512,302.8,134228777,305.85086
TSLA,2025-02-26 05:00:00 UTC,303.715,309,288.04,290.8,100118276,296.998498
TSLA,2025-02-27 05:00:00 UTC,291.16,297.23,280.88,281.95,101748197,287.317467
TSLA,2025-02-28 05:00:00 UTC,279.5,293.88,273.6,292.98,115696968,287.208796
TSLA,2025-03-03 05:00:00 UTC,300.34,303.94,277.3,284.65,115551414,292.134741
TSLA,2025-03-04 05:00:00 UTC,270.93,284.35,261.8401,272.04,126706623,271.460114
TSLA,2025-03-05 05:00:00 UTC,272.92,279.55,267.71,279.1,94042913,273.802495
TSLA,2025-03-06 05:00:00 UTC,272.06,272.65,260.02,263.45,98451566,265.324371
TSLA,2025-03-07 05:00:00 UTC,259.32,266.2499,250.73,262.67,102369640,259.833942
TSLA,2025-03-10 04:00:00 UTC,252.535,253.37,220,222.15,189076948,232.310131
TSLA,2025-03-11 04:00:00 UTC,225.305,237.0649,217.02,230.58,174896415,229.314974
TSLA,2025-03-12 04:00:00 UTC,247.22,251.84,241.1,248.09,142215681,247.456695
TSLA,2025-03-13 04:00:00 UTC,248.125,248.29,232.6,240.68,114813525,238.628866
TSLA,2025-03-14 04:00:00 UTC,247.31,251.58,240.73,249.98,100242264,247.210245
TSLA,2025-03-17 04:00:00 UTC,245.055,245.4,232.8,238.01,111900565,238.132321
TSLA,2025-03-18 04:00:00 UTC,228.155,230.1,222.28,225.31,111477636,225.928552
TSLA,2025-03-19 04:00:00 UTC,231.61,241.41,229.201,235.86,111991788,234.486109
TSLA,2025-03-20 04:00:00 UTC,233.345,238,230.0501,236.26,99028270,234.324104
TSLA,2025-03-21 04:00:00 UTC,234.985,249.52,234.55,248.71,132728684,243.518246
TSLA,2025-03-24 04:00:00 UTC,258.075,278.64,256.33,278.39,169079865,271.801762
TSLA,2025-03-25 04:00:00 UTC,283.6,288.2,271.28,288.14,150361538,279.24187
TSLA,2025-03-26 04:00:00 UTC,282.66,284.9,266.51,272.06,156254441,274.400472
TSLA,2025-03-27 04:00:00 UTC,272.48,291.85,271.8216,273.13,162572146,280.264619
TSLA,2025-03-28 04:00:00 UTC,275.575,276.1,260.57,263.55,123809389,265.805682
TSLA,2025-03-31 04:00:00 UTC,249.31,260.56,243.3601,259.16,134008936,252.69498
TSLA,2025-04-01 04:00:00 UTC,263.8,277.45,259.25,268.46,146486911,270.125037
TSLA,2025-04-02 04:00:00 UTC,254.6,284.99,251.27,282.76,212787817,274.361909
TSLA,2025-04-03 04:00:00 UTC,265.29,276.3,261.51,267.28,136174249,268.141151
TSLA,2025-04-04 04:00:00 UTC,255.38,261,236,239.43,181229079,244.356308
TSLA,2025-04-07 04:00:00 UTC,223.78,252,214.25,233.29,183453776,230.198623
TSLA,2025-04-08 04:00:00 UTC,245,250.44,217.8,221.86,171586762,235.466454
TSLA,2025-04-09 04:00:00 UTC,224.69,274.69,223.88,272.2,219413231,249.494756
TSLA,2025-04-10 04:00:00 UTC,260,262.49,239.33,252.4,181722604,250.851654
TSLA,2025-04-11 04:00:00 UTC,251.84,257.74,241.3629,252.31,128948085,248.452539
TSLA,2025-04-14 04:00:00 UTC,258.36,261.8,245.93,252.35,100135241,252.627362
TSLA,2025-04-15 04:00:00 UTC,249.91,258.75,247.54,254.11,79594318,254.232462
TSLA,2025-04-16 04:00:00 UTC,247.61,251.97,233.89,241.55,112378737,243.577152
TSLA,2025-04-17 04:00:00 UTC,243.47,244.34,237.6833,241.37,83403802,240.942114
TSLA,2025-04-21 04:00:00 UTC,230.26,232.21,222.79,227.5,97768007,225.801338
TSLA,2025-04-22 04:00:00 UTC,230.96,242.79,229.8501,237.97,120858152,237.244623
TSLA,2025-04-23 04:00:00 UTC,254.86,259.4499,244.43,250.74,150381903,253.15678
TSLA,2025-04-24 04:00:00 UTC,250.5,259.54,249.2,259.51,94464195,255.494543
TSLA,2025-04-25 04:00:00 UTC,261.69,286.85,259.63,284.95,167560688,278.37792
TSLA,2025-04-28 04:00:00 UTC,288.98,294.86,272.42,285.88,151731771,282.704404
TSLA,2025-04-29 04:00:00 UTC,285.5,293.32,279.4695,292.03,108906553,285.175799
TSLA,2025-04-30 04:00:00 UTC,279.9,284.45,270.78,282.16,128961057,278.137209
TSLA,2025-05-01 04:00:00 UTC,280.01,290.8688,279.81,280.52,99658974,284.566062
TSLA,2025-05-02 04:00:00 UTC,284.9,294.78,279.81,287.21,114454683,288.191999
TSLA,2025-05-05 04:00:00 UTC,284.57,284.849,274.4,280.26,94618882,279.233292
TSLA,2025-05-06 04:00:00 UTC,273.105,277.73,271.35,275.35,76715792,274.447189
TSLA,2025-05-07 04:00:00 UTC,276.88,277.92,271,276.22,71882408,274.671214
